-0.9322 0.0760 2
0.9207 0.6065 2
0.4079 0.9279 2
-0.1723 0.3401 0
0.0427 0.3613 0
0.8600 -0.5231 2
-0.2658 0.1799 0
-0.7102 -0.6732 2
0.5139 -0.5330 1
0.3321 -0.0633 0
0.1085 -0.6454 1
-0.1705 0.3042 0
0.5299 -0.3809 1
0.3236 0.0421 0
-0.1028 0.6474 1
-0.2170 -0.0246 0
0.0371 -0.2334 0
-0.0251 1.0404 2
-0.3818 -0.4681 1
0.5936 -0.8109 2
-0.9068 0.4042 2
-0.8208 0.4486 2
-0.2355 0.0020 0
-0.2695 -0.1302 0
-0.5679 0.1524 1
0.7620 -0.5845 2
-0.3264 0.0598 0
-0.6715 -0.0281 1
0.2758 -0.3645 0
-0.8722 0.4859 2
0.9458 0.0867 2
0.3057 1.0338 2
-0.4475 0.4045 1
-0.3190 -0.0793 0
0.7236 0.7892 2
0.6088 -0.1760 1
0.8740 -0.3693 2
-0.2819 1.0196 2
-0.4422 0.4900 1
-0.8571 -0.4453 2
-0.2185 0.1220 0
-0.7240 0.7420 2
-0.0572 -0.6941 1
0.7317 0.6382 2
-0.0348 0.3396 0
-0.1882 0.9268 2
0.6195 0.2648 1
0.1784 0.2669 0
-0.2440 1.0045 2
0.0614 0.5734 1
-0.1910 0.0977 0
-0.2350 0.9971 2
0.3126 0.1621 0
-0.2191 -0.1995 0
0.2861 -0.5932 1
0.9724 -0.0968 2
-0.3310 0.1142 0
0.9182 -0.4201 2
-0.0353 0.7490 1
-0.2759 -0.1442 0
-0.2437 -0.0626 0
0.2408 -0.5160 1
-1.0460 -0.1895 2
0.8196 -0.6444 2
-0.1668 -0.6787 1
0.0915 -0.2517 0
-0.2079 0.1802 0
0.1654 0.6424 1
0.0856 0.7111 1
0.2614 0.0127 0
0.6046 0.8393 2
0.2135 -0.2690 0
0.0372 0.3395 0
-0.6964 -0.0747 1
-0.3928 -0.9031 2
-0.6868 0.7391 2
1.0020 -0.0198 2
0.7341 0.6699 2
0.3866 0.9832 2
-0.0771 -0.3728 0
-0.3014 0.1992 0
-0.2674 0.0955 0
0.4508 -0.8619 2
0.7325 -0.5640 2
0.0609 0.2817 0
-0.2749 0.0804 0
0.4056 -0.0759 0
-0.7715 -0.5291 2
0.6181 -0.1589 1
-0.4974 0.4421 1
0.8315 0.6688 2
0.2220 0.2658 0
-0.4817 0.4569 1
-0.6329 -0.1914 1
0.3237 0.0362 0
0.5483 -0.2455 1
0.0854 0.3185 0
-0.6683 0.1702 1
-0.2612 -0.0005 0
-0.6476 -0.8002 2
-0.1044 -0.6126 1
0.2905 -0.0891 0
-0.2684 0.2362 0
0.1437 0.2634 0
0.8729 -0.5482 2
0.2340 0.9405 2
-0.3653 0.0429 0
0.1448 -0.2546 0
0.0733 1.0065 2
-0.3584 0.6254 1
-0.4196 0.5234 1
0.6054 0.1956 1
-0.2599 0.8847 2
0.2215 0.1446 0
-0.9106 0.5422 2
0.0758 -0.6620 1
0.1194 -0.6552 1
-0.4027 -0.5350 1
-0.9098 -0.4859 2
-0.2325 -0.3015 0
-0.1796 -0.1926 0
-0.2287 -0.1209 0
-0.4237 0.9209 2
-0.0616 -0.2295 0
0.0987 -0.1598 0
0.4501 0.5138 1
-0.2497 -0.5270 1
0.4681 0.8869 2
0.2967 -0.1727 0
-0.0121 -0.3360 0
0.4544 0.2927 1
0.9924 0.4606 2
-0.2488 0.0379 0
-0.5504 -0.1766 1
-0.1130 0.3204 0
-0.3133 -0.1227 0
0.3714 -0.9272 2
0.5711 0.1973 1
0.9678 -0.4382 2
0.5403 0.8289 2
-0.3376 -0.0356 0
0.2138 1.0296 2
0.6015 0.1310 1
-0.0827 0.3118 0
0.6181 0.3700 1
-0.3102 0.4459 1
-0.3400 0.0321 0
0.0940 0.5942 1
0.3144 0.5681 1
-0.0075 -0.2854 0
-0.2102 -0.2648 0
0.4646 0.4573 1
0.4987 0.3009 1
0.6705 -0.0738 1
-0.2903 0.2229 0
-0.2077 -0.1623 0
-0.0504 -1.0677 2
-0.1837 -0.2285 0
-0.4840 -0.4156 1
0.3824 -0.5972 1
-0.2419 0.3318 0
-0.9522 0.1810 2
0.9588 0.2041 2
-0.4472 0.8779 2
0.2430 -0.2489 0
-0.1673 -0.2583 0
-0.1145 -0.1748 0
0.1084 1.0393 2
-0.2292 -0.0672 0
-0.3108 -0.0079 0
0.3932 -0.5890 1
-0.4362 -0.4875 1
-0.9664 -0.4642 2
-0.4745 0.3460 1
0.4162 0.0519 0
-0.3656 0.0715 0
0.2208 0.1987 0
-0.2750 0.6333 1
-0.8940 -0.4219 2
0.2316 0.1631 0
-0.1857 -0.2633 0
-0.1775 -0.2271 0
0.5879 0.3029 1
0.2688 -0.6931 1
-0.4684 0.9185 2
-0.6367 -0.2239 1
-0.0520 0.2839 0
0.1447 0.2217 0
0.5552 -0.2653 1
0.7835 0.6943 2
0.8727 0.2686 2
-0.1129 -0.3644 0
-0.5288 0.1809 1
-0.3204 0.5834 1
-0.1935 -0.1401 0
0.6066 -0.3016 1
-0.6119 -0.8687 2
-0.3588 0.2254 0
0.0047 0.3256 0
-0.6544 -0.1411 1
0.7049 -0.1804 1
0.2458 -0.1956 0
-0.2819 0.0648 0
-0.1911 -0.0430 0
0.6827 0.8103 2
0.8969 0.4590 2
0.6038 0.7381 2
0.2769 0.0017 0
-0.6253 0.7389 2
0.0313 0.7404 1
0.9884 -0.1865 2
0.5526 -0.1076 1
-0.1936 -0.1711 0
0.8635 -0.6083 2
0.4917 0.2926 1
-0.6813 0.7998 2
-0.3163 0.9699 2
-0.6507 0.2607 1
-1.0029 0.4522 2
-0.0203 -0.6003 1
-0.9912 -0.0690 2
0.1023 -0.2419 0
-0.1746 0.2324 0
0.5875 0.3020 1
0.1889 1.0010 2
0.5728 0.5114 1
0.9160 0.4141 2
-0.5301 -0.8385 2
-0.5609 0.0487 1
0.1703 -0.2459 0
-0.0392 0.6118 1
0.6353 -0.3071 1
-0.8013 -0.5697 2
0.2090 -0.3299 0
-0.2636 0.1591 0
0.0298 0.6138 1
0.5726 -0.0883 1
0.2938 -0.1748 0
-0.2150 0.5211 1
0.2920 -0.0782 0
-0.2578 0.1687 0
-0.0789 -0.2775 0
0.6331 0.2724 1
-0.8960 0.2895 2
-0.9252 0.3359 2
-0.4793 0.9141 2
-0.0038 -0.3308 0
0.5544 0.3675 1
-0.3509 -0.5323 1
0.0018 -0.6411 1
-0.7320 -0.6364 2
-0.5610 -0.2134 1
-0.4703 -0.4035 1
-0.8647 0.5160 2
-0.2719 0.5403 1
0.2323 -0.1592 0
0.0070 -0.2894 0
0.4141 -0.4723 1
0.2403 0.5775 1
-0.9435 0.5050 2
0.2858 -0.0120 0
0.2505 0.0628 0
0.6352 0.0053 1
-0.5955 0.3098 1
0.2730 -1.0256 2
-0.7055 0.0922 1
0.2974 -0.3064 0
-0.2898 -0.0951 0
0.6574 0.1123 1
0.0017 -0.3209 0
0.3093 -0.1694 0
0.7005 0.2553 1
0.1213 -0.4094 0
0.0850 -0.2887 0
0.6101 0.0387 1
-0.8886 0.5580 2
-0.7271 0.1042 1
0.8292 0.4871 2
-0.2387 -0.0979 0
-0.9789 0.0700 2
0.8451 -0.5855 2
-1.0089 -0.0485 2
0.7947 -0.5926 2
-0.6568 0.0861 1
-0.2830 -0.1804 0
0.3226 -0.0782 0
-0.3317 0.5778 1
0.8141 0.5605 2
0.2312 0.0653 0
0.4797 -0.8013 2
0.2250 -0.1398 0
0.2098 -0.6246 1
0.6279 -0.6688 2
-0.5867 -0.2074 1
0.2723 -0.5685 1
0.9384 0.4878 2
-0.5914 0.2102 1
0.1987 0.3134 0
-0.5961 -0.2581 1
0.2733 -0.2109 0
-0.4860 -0.5156 1
-0.1613 0.2264 0
0.3850 0.5436 1
-0.2075 0.1386 0
-0.6652 -0.7963 2
0.2660 0.0015 0
0.6738 0.0063 1
-0.1100 -0.6019 1
-0.2394 -0.2875 0
-1.0193 -0.1065 2
0.8571 0.4018 2
0.2878 0.0819 0
0.3308 0.8683 2
0.1140 0.2349 0
-0.4506 -0.3762 1
-0.1371 1.0062 2
-0.2442 -0.2304 0
-0.1953 -0.1957 0
-0.6781 -0.0028 1
0.9276 0.4662 2
-0.0421 -0.2188 0
0.5386 -0.2126 1
0.3565 -0.0437 0
0.5273 -0.4364 1
0.4984 0.4431 1
0.6391 -0.0431 1
-0.7353 0.6979 2
0.1891 0.1655 0
0.0632 -0.6426 1
-0.3093 0.0567 0
-0.6580 0.0548 1
0.9012 0.5256 2
0.2678 -0.5010 1
0.6397 -0.0674 1
0.4384 -0.0192 0
-0.6598 -0.6403 2
-1.0260 -0.0623 2
0.3888 -0.4360 1
0.6981 0.1502 1
-0.9497 -0.0682 2
-0.5521 0.1914 1
0.5005 0.3889 1
-0.1911 0.2284 0
0.3987 -0.8735 2
0.3113 0.1947 0
-0.5738 0.2508 1
-0.6263 -0.2993 1
0.1548 0.2233 0
0.9076 0.1432 2
0.4804 -0.4463 1
0.2699 -0.0941 0
-0.2704 -0.2962 0
-0.7269 -0.5634 2
-0.5355 0.1463 1
0.5485 -0.9355 2
-0.2330 0.0778 0
-0.0911 -0.2780 0
0.2649 0.6369 1
-0.7272 -0.7053 2
-0.0888 -0.2746 0
-0.6393 0.0153 1
-0.3420 -0.0992 0
-0.1259 -0.3052 0
0.4816 -0.3971 1
-0.3233 -0.4847 1
0.7596 0.6731 2
-0.3379 0.0092 0
0.9802 -0.1021 2
-0.4893 -0.8702 2
0.5008 -0.3834 1
0.3591 0.9804 2
0.3150 -0.0685 0
-0.2157 -0.5913 1
-0.1417 -0.2034 0
0.1100 -0.2539 0
0.1940 0.1498 0
0.2391 -0.1233 0
-0.6186 0.0372 1
-0.0407 1.0030 2
-0.2804 0.1044 0
0.2078 -0.4514 1
0.1429 1.1064 2
-0.1524 0.2914 0
0.3011 -0.4946 1
-0.1243 0.2962 0
-0.6172 0.1498 1
-0.3000 -0.0917 0
-0.7213 -0.0472 1
-1.0624 0.0125 2
-0.5639 -0.4026 1
0.4861 0.4701 1
-0.4023 0.9288 2
-0.2581 -0.1318 0
0.9895 0.2963 2
0.3629 0.0062 0
0.1265 -0.2435 0
-0.2714 -0.9164 2
-0.6769 -0.7172 2
0.1939 -1.0144 2
-0.9012 -0.3799 2
-0.1521 -0.7091 1
-0.1160 -0.6557 1
-0.5052 0.7947 2
-0.4172 0.9390 2
-0.1412 -0.1408 0
0.7218 0.7197 2
-0.2377 0.7124 1
-0.4088 -0.9158 2
0.4711 -0.9340 2
-0.2325 0.1240 0
0.0510 -0.3778 0
0.3362 -0.0898 0
-0.3146 0.5526 1
-0.1837 -0.1308 0
0.5496 -0.4521 1
-0.9066 0.3365 2
0.4534 -0.8763 2
-0.0080 0.6321 1
-0.0784 0.9603 2
0.4922 -0.8472 2
0.1395 -0.3342 0
0.0390 0.6438 1
0.1417 -0.2468 0
0.5765 -0.3472 1
0.1629 0.3364 0
-0.4211 0.6245 1
0.5831 0.2564 1
1.0131 0.4448 2
-0.6431 0.1543 1
0.5918 0.3866 1
-0.5602 0.1922 1
-0.0408 -0.9775 2
0.9547 0.4068 2
0.9556 0.2908 2
-0.4869 -0.4425 1
0.0967 0.2188 0
-0.1638 0.3764 0
-0.0357 0.3568 0
0.0897 0.2893 0
-0.0916 -0.1922 0
1.0162 0.1407 2
0.8673 -0.2419 2
0.0498 -0.6040 1
0.2410 -0.2291 0
0.5083 -0.4980 1
-0.2056 -0.1978 0
0.2727 0.0538 0
0.0641 0.2622 0
-0.6996 -0.0885 1
-0.0908 -0.1932 0
-0.1488 -0.2669 0
0.5842 0.8880 2
-0.1511 -0.9133 2
-0.0580 -0.9624 2
-0.0391 1.0163 2
-0.2056 0.2845 0
-0.2933 0.9292 2
0.1338 -0.2584 0
0.1261 -0.5766 1
0.7019 -0.0222 1
1.0101 -0.1605 2
-0.8584 0.5952 2
0.3184 -0.0107 0
-0.1747 0.2710 0
-0.7142 0.1662 1
-0.5458 0.8383 2
-0.1760 0.2051 0
0.5179 -0.2287 1
0.6447 0.6466 2
-0.3456 -0.0623 0
-0.4775 -0.4083 1
-0.5868 0.3966 1
0.1949 -0.5288 1
-0.1617 -0.1814 0
0.2400 -0.9455 2
0.3256 0.9672 2
-0.1419 0.2739 0
0.2571 0.2838 0
-0.6838 0.7205 2
0.1039 -0.2796 0
-0.9977 -0.1834 2
0.1163 -0.2051 0
-0.6453 0.1388 1
-0.7359 -0.5964 2
-0.1931 0.6353 1
0.2289 -0.0600 0
0.4880 -0.9055 2
0.5270 0.4573 1
-0.9344 0.3608 2
-0.1403 0.2808 0
0.1895 -0.6188 1
0.5203 0.3079 1
0.5022 0.4006 1
0.7060 0.0037 1
0.0365 -0.3936 0
0.8490 0.6116 2
0.8135 -0.5914 2
-0.0361 0.3655 0
0.0041 1.0181 2
-0.0579 0.2013 0
-0.2966 0.1490 0
0.2921 -0.5601 1
-0.6523 -0.0695 1
0.9673 0.1536 2
-0.1131 0.3297 0
-0.6972 0.7469 2
-1.0921 -0.1004 2
-0.2653 -0.6201 1
0.5412 -0.8171 2
0.9532 -0.2277 2
-0.0518 -0.6424 1
-0.0899 -0.4130 0
-0.6444 0.7092 2
0.9669 -0.1235 2
-0.4061 0.9240 2
-0.3101 -0.5901 1
0.3170 -0.0054 0
-0.2013 0.2037 0
-0.4185 0.9177 2
0.2382 0.6537 1
-0.1588 0.9821 2
0.2044 0.6994 1
-0.4126 0.9022 2
0.2937 -0.5203 1
-0.1374 -1.0266 2
-0.0020 -0.2536 0
0.5291 0.3864 1
0.3797 0.1365 0
0.0144 0.2712 0
0.8427 0.3938 2
-0.8127 0.6159 2
-0.9031 0.2747 2
0.0036 0.2181 0
0.6125 -0.9378 2
1.0030 0.4302 2
-0.3040 0.9747 2
-0.2095 0.6315 1
0.6549 0.2377 1
-0.1928 0.1443 0
0.3022 0.5146 1
-0.6573 -0.1125 1
0.2988 -0.1224 0
0.5994 -0.3415 1
0.1977 -0.2476 0
-0.0969 -0.3362 0
0.0706 -0.2879 0
0.5960 0.7254 2
-0.6991 0.6975 2
-0.6038 -0.1617 1
0.7457 -0.7878 2
0.9836 0.1345 2
-0.2671 0.5832 1
-0.0048 -0.9399 2
-0.1344 -0.2980 0
-0.6309 0.1091 1
-0.3031 0.4534 1
-0.0012 -0.6441 1
0.5478 -0.3132 1
-0.1148 0.5620 1
0.4951 -0.8830 2
0.4929 0.8374 2
1.0235 -0.1140 2
-0.6424 -0.1358 1
0.5547 -0.3474 1
0.2821 0.3581 0
-0.3871 -0.8482 2
0.0494 1.0360 2
0.6653 -0.6878 2
-0.3572 0.9284 2
-0.0038 -0.3364 0
-0.1267 0.6951 1
0.0191 0.2633 0
0.2059 -0.1573 0
-0.1342 0.2555 0
-0.6252 -0.0813 1
-0.8896 0.4873 2
-0.0964 0.2340 0
-0.3845 -0.4636 1
-0.5716 0.3601 1
1.0451 -0.0876 2
0.5623 -0.8750 2
0.9458 -0.4081 2
0.6704 -0.1337 1
0.2022 0.1866 0
-0.1566 -0.1485 0
0.2108 0.0644 0
-0.1465 0.2215 0
-0.1727 -0.2543 0
-0.3812 -0.5276 1
-0.4523 -0.8377 2
-0.1399 0.3153 0
0.0495 -0.2234 0
-0.2228 -1.0532 2
-0.3990 -0.5457 1
0.2652 -0.6147 1
0.0502 0.2862 0
0.0927 -0.6540 1
-0.3745 0.4254 1
-0.0025 -1.0495 2
0.2429 -0.6313 1
