0.0376 0.1250 0
-0.0996 0.1584 0
0.1866 -0.1129 1
-0.3635 0.7272 0
-0.2099 -0.3775 0
-0.6707 0.0099 1
-0.6978 0.5857 0
-0.4410 0.3320 1
0.2361 0.2411 1
0.1771 0.7011 0
-0.7816 0.3815 0
-0.1379 -0.8138 1
-0.1775 0.8540 0
0.8977 0.3331 1
0.8984 -0.2925 1
0.1260 0.6571 0
0.2845 0.7124 0
-0.3830 0.3559 1
0.2152 -0.8607 1
-0.1357 0.1939 0
-0.6041 0.5492 0
0.1514 -0.2400 1
0.4772 0.5235 0
0.2108 0.3190 1
0.9849 -0.1073 1
-0.0238 -0.6225 0
-0.7337 0.5780 0
-0.5607 0.1382 1
-0.9206 0.1271 0
-0.2528 -0.1287 0
0.4043 -0.7790 1
0.2647 0.2599 1
0.0589 0.3901 1
-0.4056 -0.0903 0
0.1204 -0.8534 1
-0.0855 -0.6560 1
0.7319 -0.4203 1
0.6025 0.2501 0
-0.7834 0.2568 0
-0.2572 0.7949 0
0.8936 0.4708 1
0.4860 0.4760 0
-0.1335 0.7692 0
0.1916 -0.3900 0
0.1238 -0.5302 0
0.2650 -0.7595 1
0.6175 0.3645 0
0.9282 0.0374 1
0.2264 -0.4382 0
-0.0186 -0.7893 1
-0.0908 -0.7519 1
-0.1035 0.7787 0
0.8044 -0.2740 1
0.8703 -0.1710 1
0.4783 -0.7068 1
-0.7740 0.4686 0
0.9557 0.1014 1
0.4945 -0.7203 1
-0.2815 0.4779 1
0.0339 -0.1914 1
0.2044 0.6240 0
0.1343 -0.1957 1
-0.2804 0.8039 0
-0.0540 -0.2209 1
0.9317 0.1932 1
-0.5554 0.2871 1
0.5032 0.5266 0
0.5786 -0.2343 0
0.9109 0.1265 1
-0.3022 0.4761 1
-0.9639 -0.4891 0
0.1229 -0.8068 1
-0.9884 -0.0524 0
0.0839 -0.1277 1
-0.3548 0.3855 1
0.1250 0.4051 1
-0.1015 0.8040 0
-0.7766 0.4799 0
-0.2343 -0.7779 1
0.9656 -0.0983 1
0.5732 -0.0024 0
-0.7014 -0.0191 1
0.5057 -0.1993 0
-0.0161 0.7968 0
0.1596 0.7548 0
-0.1020 0.4720 1
-0.9597 -0.0236 0
-0.0522 -0.8334 1
0.1270 -0.8869 1
0.5888 -0.0942 0
0.6171 -0.6416 1
-0.3717 -0.7288 1
0.0383 0.4429 1
-0.1852 0.7173 0
0.6826 0.2276 0
0.6640 -0.6424 1
-0.4219 -0.2523 0
-1.0003 -0.4267 0
-0.1597 0.8016 0
-0.1280 -0.7154 1
-0.8098 -0.4258 0
0.9039 -0.0320 1
-0.8367 -0.3851 0
-0.3301 -0.2068 0
-0.1466 0.4279 1
-0.5384 -0.3249 1
0.9260 -0.1098 1
-0.6623 0.5871 0
-0.2436 -0.6977 1
-0.7177 0.5575 0
0.0828 0.5351 1
-0.8320 0.4608 0
-0.8398 0.4300 0
-0.1691 0.1405 0
0.3371 0.3048 1
0.1965 -0.5243 0
-0.3123 -0.2853 0
-0.5202 -0.4982 1
-0.2134 0.4615 1
0.3385 0.1280 1
-0.4439 0.7693 0
-0.0951 0.4590 1
-0.0719 0.4524 1
0.2469 0.6757 0
-0.7264 0.3608 0
-0.6446 0.6721 0
0.6095 0.1403 0
0.9749 0.2764 1
0.2407 -0.7276 1
0.6460 -0.1200 0
-0.6979 0.5732 0
0.6533 0.2131 0
-0.3450 0.4458 1
-1.0017 0.1370 0
0.1764 -0.4660 0
-0.2304 0.3620 1
0.8717 -0.4137 1
-0.9478 0.1579 0
-0.2838 0.0516 0
-0.1358 0.7813 0
-0.0293 0.0740 0
0.2667 -0.0634 1
-0.2441 0.4653 1
0.1386 0.4806 1
-0.5555 0.3602 1
0.8531 -0.1907 1
0.0060 0.1463 0
0.1844 -0.1813 1
0.7195 -0.3172 1
-0.2313 -0.7093 1
-0.1195 0.4446 1
-0.6917 0.1433 1
-0.2845 -0.1714 0
-0.7409 0.5520 0
0.3851 -0.3818 0
0.0768 0.4300 1
0.4246 0.5893 0
0.5995 0.1617 0
0.2371 -0.4328 0
-0.6718 0.6413 0
-0.0054 -0.4389 0
-0.6444 0.5859 0
-0.4195 0.7683 0
0.8953 -0.1594 1
-0.9959 -0.4099 0
-0.3210 0.3895 1
0.7845 -0.4031 1
-0.5304 -0.5608 1
0.9306 0.4156 1
0.5297 -0.3652 0
-0.2290 0.5451 1
0.3152 -0.8252 1
-0.2331 -0.3569 0
-0.1887 0.9173 0
0.4268 -0.8137 1
-0.8355 0.3973 0
0.1991 0.3065 1
-0.0034 -0.0690 1
0.3392 -0.0040 1
0.9833 0.0962 1
0.3632 0.6288 0
0.2724 -0.5247 0
-0.4160 0.6472 0
-0.3960 0.3904 1
-0.4299 0.7841 0
0.2421 -0.7584 1
0.5343 0.4384 0
-0.1411 0.2795 0
-0.1533 0.5002 1
-0.2621 -0.0020 0
0.6035 0.2822 0
-0.7324 0.6951 0
0.1660 -0.7625 1
0.0399 -0.4985 0
0.9135 0.4740 1
-0.9204 -0.3566 0
0.4340 0.6391 0
0.0902 -0.4302 0
-0.9289 -0.3949 0
-0.2908 0.1476 0
-0.6999 -0.0318 1
-0.0900 0.5812 1
-0.4808 -0.5602 1
-0.5527 -0.1665 1
-0.0476 0.1784 0
-0.0242 0.4597 1
0.1093 -0.5038 0
0.9051 0.3965 1
-0.5406 -0.4721 1
0.2777 -0.4789 0
0.2955 -0.7445 1
-0.5309 0.3441 1
-0.4528 0.7221 0
0.6220 -0.0062 0
0.5660 0.2394 0
0.1601 -0.7293 1
-0.3195 0.1285 0
0.1286 -0.7520 1
0.5660 0.3295 0
0.8345 0.3086 1
0.1491 -0.7961 1
0.2142 0.6611 0
0.0337 0.4957 1
0.3718 -0.4033 0
0.3445 -0.4984 0
-0.9631 0.1711 0
0.2849 0.6554 0
-0.5028 -0.5029 1
0.4492 -0.3515 0
-0.3065 0.7665 0
-0.5274 0.5946 0
-0.5204 0.7281 0
-0.4563 0.3226 1
0.4678 0.6058 0
-0.4408 0.2404 1
0.0071 -0.4957 0
0.1817 -0.8327 1
-0.3890 0.3646 1
-0.1539 0.5370 1
0.1277 0.4984 1
0.2956 -0.4886 0
0.4366 0.5635 0
0.1079 0.4407 1
0.6418 -0.1659 0
0.4309 -0.3971 0
-0.8619 -0.4587 0
-0.8641 -0.4183 0
-0.9882 0.0565 0
-0.0423 0.4102 1
0.0693 0.4480 1
-0.2030 -0.7505 1
0.8835 0.2937 1
-0.3066 0.0654 0
-0.8329 0.3628 0
0.7136 -0.5419 1
0.5629 0.0996 0
-0.3708 0.4639 1
-0.2824 -0.2118 0
-0.0287 -0.8466 1
0.2571 0.0202 1
0.0080 -0.5531 0
-0.1651 0.0827 0
-0.5355 -0.3582 1
-0.0035 0.7965 0
-0.4052 0.3684 1
0.0441 0.4883 1
-0.3081 -0.2610 0
-0.9932 -0.3094 0
0.5343 -0.1537 0
0.3130 0.2570 1
0.9429 -0.2967 1
-0.8024 0.3742 0
-0.3233 -0.3207 0
0.9532 0.2967 1
-0.8480 0.2337 0
0.5115 0.5394 0
0.8231 -0.2838 1
0.1644 -0.1684 1
0.0058 0.4132 1
0.1730 -0.8407 1
-0.3810 0.4499 1
-0.5321 0.0127 1
-0.5217 0.2033 1
0.4537 0.6392 0
0.6464 0.1977 0
0.7958 -0.2862 1
0.1918 -0.0964 1
-0.1625 -0.5100 0
-0.6780 -0.0140 1
-0.9394 0.2337 0
0.3642 -0.4850 0
0.5765 -0.6370 1
0.6473 -0.5731 1
0.8789 0.2913 1
-0.1621 0.2129 0
-0.8943 0.1445 0
0.1882 -0.0712 1
-0.3393 0.8558 0
0.9656 0.2294 1
0.4920 -0.7245 1
-0.1870 -0.7901 1
-0.3615 -0.7538 1
-0.0025 0.1268 0
0.4213 0.5934 0
0.0062 -0.5867 0
0.8960 0.0210 1
0.5140 0.3628 0
0.2463 -0.3394 0
-0.5746 0.1152 1
0.1888 0.0396 1
0.3006 -0.0759 1
0.6060 -0.0688 0
0.8902 0.1029 1
-0.5636 0.0034 1
-0.1720 0.1199 0
0.4342 -0.6867 1
0.7495 -0.4625 1
-0.6666 -0.1339 1
-0.5848 0.5884 0
-0.9341 -0.3523 0
0.6873 -0.4372 1
-0.7620 0.4666 0
-0.0539 0.1126 0
0.9914 0.2371 1
0.2717 0.3622 1
0.5989 0.3262 0
0.5418 0.4093 0
-0.6392 -0.1480 1
0.0828 0.7739 0
-0.9912 0.0992 0
0.2181 -0.3721 0
-0.0676 -0.4463 0
0.4475 -0.3726 0
0.2711 -0.1080 1
0.9142 0.4161 1
-0.3715 0.8388 0
-0.5279 -0.4421 1
0.0265 -0.3782 0
0.0558 0.4801 1
0.5712 -0.2974 0
0.8651 0.4180 1
-0.0287 -0.4200 0
-0.9167 0.0102 0
0.5237 0.5029 0
-0.0459 -0.5688 0
-0.9570 -0.2084 0
-0.9736 -0.0110 0
-0.6417 -0.0152 1
0.7025 -0.6012 1
-0.5121 0.7331 0
0.3451 -0.3870 0
-0.1573 -0.8308 1
-0.5174 0.7166 0
0.1035 0.7493 0
0.3887 -0.7857 1
0.1434 -0.1047 1
0.5658 -0.6206 1
-0.8109 0.3808 0
-0.5929 -0.3157 1
-0.5298 0.2549 1
0.2299 0.3883 1
-0.6041 -0.1801 1
-0.8153 -0.2908 0
0.2578 0.2068 1
0.9166 0.4566 1
-0.2032 0.8037 0
0.3201 0.6068 0
0.0032 -0.4981 0
0.4177 0.6377 0
0.3129 -0.3622 0
-0.8600 0.2914 0
-0.8340 0.3637 0
-0.0366 0.7387 0
-0.3183 -0.0965 0
0.5639 0.4567 0
0.6541 0.3854 0
0.3411 0.7057 0
-0.9380 0.0054 0
0.6494 0.4952 0
-0.2740 -0.6235 1
-0.0315 -0.5035 0
-0.5584 0.0404 1
0.1595 0.4298 1
-0.1652 0.0733 0
0.2661 -0.0598 1
-0.1456 0.9034 0
-0.1618 0.0683 0
0.3304 -0.0043 1
0.8693 0.3765 1
0.4668 0.4590 0
0.2077 -0.8824 1
-0.5969 -0.2906 1
-0.2464 0.4307 1
-0.8804 0.2247 0
-0.5256 -0.5266 1
-0.3049 -0.1458 0
0.8554 -0.1079 1
-0.2258 -0.2922 0
-0.5809 0.2301 1
-0.0848 -0.4120 0
-0.3170 0.4250 1
0.5942 0.4293 0
-0.8086 0.2408 0
0.0404 -0.2756 1
-0.3273 0.6394 0
-0.5409 -0.4827 1
0.3548 -0.7420 1
-0.8101 0.5347 0
-0.4550 0.2714 1
0.0360 0.7981 0
-0.0599 0.7426 0
0.3305 -0.7025 1
-0.4892 -0.5002 1
-0.3378 -0.1152 0
-0.8949 -0.2876 0
0.6193 0.1027 0
0.0562 0.4044 1
-0.8741 -0.4569 0
0.3227 0.1954 1
0.8600 -0.3259 1
-0.2048 -0.7171 1
0.6340 0.3190 0
0.3877 -0.7141 1
-0.2054 -0.6413 1
0.6155 0.0427 0
-0.5955 -0.2550 1
0.9618 -0.1325 1
0.7038 0.0912 0
0.0940 -0.1766 1
-0.5071 0.3257 1
0.3396 -0.3216 0
0.4910 -0.6969 1
-0.5410 -0.3502 1
0.2186 -0.7301 1
0.3120 0.0337 1
-0.8773 0.2312 0
0.8528 -0.4260 1
-0.5412 -0.5395 1
-0.5997 -0.3718 1
0.6162 0.0328 0
-0.0421 -0.5114 0
0.9794 0.0230 1
-0.7113 0.5270 0
-0.5340 -0.4816 1
0.2336 0.3749 1
0.3328 -0.3478 0
-0.9453 0.1133 0
0.7687 -0.5945 1
-0.9971 0.1193 0
0.5118 -0.7238 1
-0.2058 -0.1433 0
-0.1086 0.1678 0
-0.3096 -0.7324 1
0.1643 0.3280 1
1.0092 0.0778 1
-0.2086 0.8402 0
0.0022 -0.4123 0
0.9503 -0.1019 1
-0.6927 0.4182 0
0.3507 0.7708 0
0.9235 -0.0814 1
-0.0039 -0.4333 0
0.9998 0.0650 1
-0.2381 -0.7657 1
0.1559 -0.4574 0
-0.8293 0.3203 0
-0.1713 -0.7565 1
-0.9593 0.0331 0
-0.8491 -0.4781 0
0.4231 -0.2830 0
-0.9603 -0.3257 0
-0.1210 0.4307 1
0.0327 0.5458 1
-0.9955 -0.3174 0
-0.7024 -0.0947 1
-0.3692 0.3779 1
-0.2873 0.4334 1
-0.3384 0.6601 0
-0.8318 -0.3504 0
-0.6440 0.4827 0
-0.0702 0.4886 1
-0.0160 0.4397 1
-0.8741 0.1081 0
0.1015 -0.4071 0
-0.6667 -0.0414 1
0.9559 0.2826 1
-0.2467 -0.2584 0
0.5004 -0.6642 1
-0.1410 -0.3671 0
-0.6316 -0.0701 1
-0.2758 -0.3239 0
0.1139 0.4461 1
-0.0692 0.5498 1
0.1248 -0.8442 1
-0.0542 0.1943 0
-0.8134 0.2725 0
0.6585 0.0493 0
-0.6182 0.5370 0
-0.3887 0.8251 0
0.9988 0.0292 1
-0.0291 -0.5669 0
0.9611 0.1976 1
0.0073 -0.1299 1
0.7963 -0.4246 1
0.1123 -0.1033 1
0.6071 0.0073 0
-0.9370 -0.1162 0
0.3692 0.6424 0
0.6004 -0.5293 1
0.7865 -0.5577 1
0.4400 -0.6200 1
0.8209 -0.2970 1
0.2755 0.7186 0
0.3620 0.0114 1
0.6916 -0.4293 1
-0.1849 -0.7022 1
-0.3590 -0.3485 0
-0.0337 -0.4945 0
-0.9090 0.0990 0
0.8393 0.5036 1
0.2469 -0.7329 1
-0.5392 0.6443 0
-0.0300 0.3848 1
0.5868 0.4062 0
-0.1870 -0.4543 0
0.1330 -0.7477 1
-0.2601 -0.2510 0
0.7741 -0.3976 1
0.3512 0.7072 0
-0.2523 -0.3194 0
-0.2596 -0.8084 1
0.5480 -0.1531 0
-0.3684 0.0610 0
0.3277 -0.0518 1
-0.6647 0.1220 1
0.0504 -0.4765 0
0.1087 -0.3936 0
-0.5598 0.6273 0
-0.5278 0.2640 1
0.9424 -0.1897 1
0.0612 -0.4371 0
-0.8289 0.4534 0
0.8967 -0.3773 1
-0.1887 0.4753 1
0.7001 -0.5930 1
0.6353 0.0722 0
-0.7434 0.4846 0
-0.0079 -0.2101 1
-0.5466 -0.2905 1
0.3733 0.0669 1
-0.5558 -0.3204 1
-0.0607 -0.4850 0
0.0207 0.8690 0
0.1085 0.7724 0
0.1784 0.6302 0
0.1681 -0.4476 0
-0.0503 -0.4302 0
-0.0196 -0.1068 1
-0.7971 0.2940 0
0.0161 0.7855 0
0.1132 0.3798 1
0.7547 -0.3384 1
-0.3043 0.7812 0
0.8762 -0.3752 1
-0.5487 0.2089 1
-0.2301 -0.7043 1
-0.3707 -0.6035 1
0.5741 -0.1739 0
0.2632 0.1754 1
-0.8639 0.0360 0
-0.1854 0.2007 0
0.4952 -0.6481 1
0.3957 0.5349 0
-0.8931 0.2301 0
0.3177 0.6539 0
0.5299 0.4929 0
0.4841 0.2904 0
0.2232 -0.5438 0
-0.2193 0.7537 0
-0.9593 0.0304 0
0.4731 0.5697 0
0.4263 -0.4785 0
-0.5087 -0.3384 1
0.5603 -0.5863 1
0.2462 -0.1149 1
0.6349 0.2565 0
0.6173 -0.5486 1
-0.2408 0.7577 0
0.3187 0.7441 0
0.8818 0.2546 1
0.9021 -0.0863 1
-0.8956 -0.1612 0
0.9975 0.0893 1
-0.1566 0.4847 1
0.3178 -0.5057 0
0.0026 0.1838 0
0.5715 0.0545 0
0.3538 0.5716 0
-0.0807 -0.8098 1
-0.1118 -0.7812 1
